(kicad_pcb (version 20171130) (host pcbnew "(5.1.6)-1")

  (general
    (thickness 1.6)
    (drawings 34)
    (tracks 267)
    (zones 0)
    (modules 39)
    (nets 33)
  )

  (page A4)
  (layers
    (0 F.Cu signal)
    (31 B.Cu signal)
    (32 B.Adhes user)
    (33 F.Adhes user)
    (34 B.Paste user)
    (35 F.Paste user)
    (36 B.SilkS user)
    (37 F.SilkS user)
    (38 B.Mask user)
    (39 F.Mask user)
    (40 Dwgs.User user)
    (41 Cmts.User user)
    (42 Eco1.User user)
    (43 Eco2.User user)
    (44 Edge.Cuts user)
    (45 Margin user)
    (46 B.CrtYd user)
    (47 F.CrtYd user)
    (48 B.Fab user)
    (49 F.Fab user)
  )

  (setup
    (last_trace_width 0.25)
    (trace_clearance 0.2)
    (zone_clearance 0.254)
    (zone_45_only no)
    (trace_min 0.2)
    (via_size 0.8)
    (via_drill 0.4)
    (via_min_size 0.4)
    (via_min_drill 0.3)
    (uvia_size 0.3)
    (uvia_drill 0.1)
    (uvias_allowed no)
    (uvia_min_size 0.2)
    (uvia_min_drill 0.1)
    (edge_width 0.05)
    (segment_width 0.2)
    (pcb_text_width 0.3)
    (pcb_text_size 1.5 1.5)
    (mod_edge_width 0.12)
    (mod_text_size 1 1)
    (mod_text_width 0.15)
    (pad_size 1.524 1.524)
    (pad_drill 0.762)
    (pad_to_mask_clearance 0.05)
    (aux_axis_origin 0 0)
    (visible_elements 7FFFFFFF)
    (pcbplotparams
      (layerselection 0x010fc_ffffffff)
      (usegerberextensions false)
      (usegerberattributes true)
      (usegerberadvancedattributes true)
      (creategerberjobfile true)
      (excludeedgelayer true)
      (linewidth 0.100000)
      (plotframeref false)
      (viasonmask false)
      (mode 1)
      (useauxorigin false)
      (hpglpennumber 1)
      (hpglpenspeed 20)
      (hpglpendiameter 15.000000)
      (psnegative false)
      (psa4output false)
      (plotreference true)
      (plotvalue true)
      (plotinvisibletext false)
      (padsonsilk false)
      (subtractmaskfromsilk false)
      (outputformat 1)
      (mirror false)
      (drillshape 1)
      (scaleselection 1)
      (outputdirectory ""))
  )

  (net 0 "")
  (net 1 GND)
  (net 2 5v)
  (net 3 "Net-(C3-Pad2)")
  (net 4 "Net-(C3-Pad1)")
  (net 5 "Net-(C4-Pad1)")
  (net 6 "Net-(C4-Pad2)")
  (net 7 12v)
  (net 8 "Net-(Led1-Pad2)")
  (net 9 "Net-(R1-Pad2)")
  (net 10 "Net-(R3-Pad1)")
  (net 11 "Net-(R6-Pad2)")
  (net 12 3V3)
  (net 13 /Stm32f103c8tx/osc1)
  (net 14 /Stm32f103c8tx/osc2)
  (net 15 /Stm32f103c8tx/res)
  (net 16 /Stm32f103c8tx/SWCLK)
  (net 17 /Stm32f103c8tx/SWDIO)
  (net 18 "Net-(R9-Pad1)")
  (net 19 /RESET)
  (net 20 /RS)
  (net 21 /CS)
  (net 22 /LED)
  (net 23 /LCD-CLK)
  (net 24 /LCD-MISO)
  (net 25 /LCD-MOSI)
  (net 26 /Stm32f103c8tx/uart1_rx)
  (net 27 /Stm32f103c8tx/uart1_tx)
  (net 28 /Stm32f103c8tx/uart2_tx)
  (net 29 /Stm32f103c8tx/uart2_rx)
  (net 30 /Stm32f103c8tx/i2c1_sda)
  (net 31 /Stm32f103c8tx/i2c1_scl)
  (net 32 /Stm32f103c8tx/adc_1)

  (net_class Default "This is the default net class."
    (clearance 0.2)
    (trace_width 0.25)
    (via_dia 0.8)
    (via_drill 0.4)
    (uvia_dia 0.3)
    (uvia_drill 0.1)
    (add_net /CS)
    (add_net /LCD-CLK)
    (add_net /LCD-MISO)
    (add_net /LCD-MOSI)
    (add_net /LED)
    (add_net /RESET)
    (add_net /RS)
    (add_net /Stm32f103c8tx/SWCLK)
    (add_net /Stm32f103c8tx/SWDIO)
    (add_net /Stm32f103c8tx/adc_1)
    (add_net /Stm32f103c8tx/i2c1_scl)
    (add_net /Stm32f103c8tx/i2c1_sda)
    (add_net /Stm32f103c8tx/osc1)
    (add_net /Stm32f103c8tx/osc2)
    (add_net /Stm32f103c8tx/res)
    (add_net /Stm32f103c8tx/uart1_rx)
    (add_net /Stm32f103c8tx/uart1_tx)
    (add_net /Stm32f103c8tx/uart2_rx)
    (add_net /Stm32f103c8tx/uart2_tx)
    (add_net 12v)
    (add_net 3V3)
    (add_net 5v)
    (add_net GND)
    (add_net "Net-(C3-Pad1)")
    (add_net "Net-(C3-Pad2)")
    (add_net "Net-(C4-Pad1)")
    (add_net "Net-(C4-Pad2)")
    (add_net "Net-(Led1-Pad2)")
    (add_net "Net-(R1-Pad2)")
    (add_net "Net-(R3-Pad1)")
    (add_net "Net-(R6-Pad2)")
    (add_net "Net-(R9-Pad1)")
  )

  (module phuong_kicad_lib:LCD_ILI9341_2.2inch (layer B.Cu) (tedit 5F0882D8) (tstamp 5F526502)
    (at 109.982 122.682)
    (path /5F10B854)
    (fp_text reference U4 (at 5.08 -66.04) (layer B.SilkS)
      (effects (font (size 1 1) (thickness 0.15)) (justify mirror))
    )
    (fp_text value LCD_ILI9341_2.2inch (at 19.05 -63.5) (layer B.Fab)
      (effects (font (size 1 1) (thickness 0.15)) (justify mirror))
    )
    (fp_line (start 0 -67.2) (end 40.1 -67.2) (layer B.SilkS) (width 0.12))
    (fp_line (start 40.1 0) (end 40.1 -67.2) (layer B.SilkS) (width 0.12))
    (fp_line (start 0 0) (end 40.1 0) (layer B.SilkS) (width 0.12))
    (fp_line (start 0 0) (end 0 -67.2) (layer B.SilkS) (width 0.12))
    (fp_line (start 1.27 -13.97) (end 13.97 -13.97) (layer B.SilkS) (width 0.12))
    (fp_line (start 13.97 -13.97) (end 16.51 -16.51) (layer B.SilkS) (width 0.12))
    (fp_line (start 16.51 -16.51) (end 20.32 -16.51) (layer B.SilkS) (width 0.12))
    (fp_line (start 20.32 -16.51) (end 20.32 -36.83) (layer B.SilkS) (width 0.12))
    (fp_line (start 20.32 -36.83) (end 1.27 -36.83) (layer B.SilkS) (width 0.12))
    (fp_line (start 1.27 -36.83) (end 1.27 -13.97) (layer B.SilkS) (width 0.12))
    (pad 1 thru_hole rect (at 9.89 -65.7) (size 2 2) (drill 1) (layers *.Cu *.Mask)
      (net 12 3V3))
    (pad 2 thru_hole circle (at 12.43 -65.7) (size 2 2) (drill 1) (layers *.Cu *.Mask)
      (net 1 GND))
    (pad 3 thru_hole circle (at 14.97 -65.7) (size 2 2) (drill 1) (layers *.Cu *.Mask)
      (net 21 /CS))
    (pad 4 thru_hole circle (at 17.51 -65.7) (size 2 2) (drill 1) (layers *.Cu *.Mask)
      (net 19 /RESET))
    (pad 5 thru_hole circle (at 20.05 -65.7) (size 2 2) (drill 1) (layers *.Cu *.Mask)
      (net 20 /RS))
    (pad 6 thru_hole circle (at 22.59 -65.7) (size 2 2) (drill 1) (layers *.Cu *.Mask)
      (net 25 /LCD-MOSI))
    (pad 7 thru_hole circle (at 25.13 -65.7) (size 2 2) (drill 1) (layers *.Cu *.Mask)
      (net 23 /LCD-CLK))
    (pad 8 thru_hole circle (at 27.67 -65.7) (size 2 2) (drill 1) (layers *.Cu *.Mask)
      (net 22 /LED))
    (pad 9 thru_hole circle (at 30.21 -65.7) (size 2 2) (drill 1) (layers *.Cu *.Mask)
      (net 24 /LCD-MISO))
    (pad 10 thru_hole rect (at 14.97 -2.18) (size 2 2) (drill 1) (layers *.Cu *.Mask))
    (pad 11 thru_hole circle (at 17.51 -2.18) (size 2 2) (drill 1) (layers *.Cu *.Mask))
    (pad 12 thru_hole circle (at 20.05 -2.18) (size 2 2) (drill 1) (layers *.Cu *.Mask))
    (pad 13 thru_hole circle (at 22.59 -2.18) (size 2 2) (drill 1) (layers *.Cu *.Mask))
    (pad 14 thru_hole circle (at 25.13 -2.18) (size 2 2) (drill 1) (layers *.Cu *.Mask))
    (model ${PHUONG_KICAD_LIB}/packages3d/TFT_ILI9341_2.2_inch.STEP
      (offset (xyz 20 -34.5 1.5))
      (scale (xyz 1 1 1))
      (rotate (xyz -90 0 -90))
    )
  )

  (module phuong_kicad_lib:Header-2pin-2.54-white (layer F.Cu) (tedit 5F19921F) (tstamp 5F19D1E0)
    (at 145.64 117.22 180)
    (descr "Through hole straight pin header, 1x03, 2.54mm pitch, single row")
    (tags "Through hole pin header THT 1x03 2.54mm single row")
    (path /5F1D1B2F)
    (fp_text reference J2 (at 0 -2.8956) (layer F.SilkS)
      (effects (font (size 1 1) (thickness 0.15)))
    )
    (fp_text value Conn_01x02_power (at 4.2672 1.7272 90) (layer F.Fab)
      (effects (font (size 1 1) (thickness 0.15)))
    )
    (fp_line (start 3.3528 -1.3716) (end -2.8448 -1.3716) (layer F.CrtYd) (width 0.05))
    (fp_line (start 3.3528 4.064) (end 3.3528 -1.3716) (layer F.CrtYd) (width 0.05))
    (fp_line (start -2.8448 4.064) (end 3.3528 4.064) (layer F.CrtYd) (width 0.05))
    (fp_line (start -2.8448 -1.3716) (end -2.8448 4.064) (layer F.CrtYd) (width 0.05))
    (fp_line (start -2.794 -1.3208) (end 3.302 -1.3208) (layer F.SilkS) (width 0.12))
    (fp_line (start -2.794 4.0132) (end -2.794 -1.3208) (layer F.SilkS) (width 0.12))
    (fp_line (start 3.302 4.0132) (end 3.302 -1.3208) (layer F.SilkS) (width 0.12))
    (fp_line (start -2.794 4.0132) (end 3.302 4.0132) (layer F.SilkS) (width 0.12))
    (fp_line (start 3.302 -1.3208) (end -2.794 -1.3208) (layer F.Fab) (width 0.1))
    (fp_line (start 3.302 4.0132) (end 3.302 -1.3208) (layer F.Fab) (width 0.1))
    (fp_line (start -2.794 4.0132) (end 3.302 4.0132) (layer F.Fab) (width 0.1))
    (fp_line (start -2.794 -1.3208) (end -2.794 4.0132) (layer F.Fab) (width 0.1))
    (fp_text user %R (at 0 -2.33) (layer F.Fab)
      (effects (font (size 1 1) (thickness 0.15)))
    )
    (pad 2 thru_hole oval (at 0 2.54 180) (size 2.524 1.824) (drill 1) (layers *.Cu *.Mask)
      (net 1 GND))
    (pad 1 thru_hole rect (at 0 0 180) (size 2.524 1.824) (drill 1) (layers *.Cu *.Mask)
      (net 7 12v))
    (model ${PHUONG_KICAD_LIB}/packages3d/JST_EH_B2B-EH-A_1x02_P2.50mm_Vertical.wrl
      (at (xyz 0 0 0))
      (scale (xyz 1 1 1))
      (rotate (xyz 0 0 90))
    )
  )

  (module phuong_kicad_lib:C_0805 (layer F.Cu) (tedit 5DC4ECF2) (tstamp 5F107089)
    (at 114.046 98.298 180)
    (descr "Capacitor SMD 0805, reflow soldering, AVX (see smccp.pdf)")
    (tags "capacitor 0805")
    (path /5F104F92/5F117E7C)
    (attr smd)
    (fp_text reference C1 (at 0 -1.5) (layer F.SilkS)
      (effects (font (size 1 1) (thickness 0.15)))
    )
    (fp_text value 104 (at 0 1.75) (layer F.Fab)
      (effects (font (size 1 1) (thickness 0.15)))
    )
    (fp_line (start -1 0.62) (end -1 -0.62) (layer F.Fab) (width 0.1))
    (fp_line (start 1 0.62) (end -1 0.62) (layer F.Fab) (width 0.1))
    (fp_line (start 1 -0.62) (end 1 0.62) (layer F.Fab) (width 0.1))
    (fp_line (start -1 -0.62) (end 1 -0.62) (layer F.Fab) (width 0.1))
    (fp_line (start 0.5 -0.85) (end -0.5 -0.85) (layer F.SilkS) (width 0.12))
    (fp_line (start -0.5 0.85) (end 0.5 0.85) (layer F.SilkS) (width 0.12))
    (fp_line (start -1.75 -0.88) (end 1.75 -0.88) (layer F.CrtYd) (width 0.05))
    (fp_line (start -1.75 -0.88) (end -1.75 0.87) (layer F.CrtYd) (width 0.05))
    (fp_line (start 1.75 0.87) (end 1.75 -0.88) (layer F.CrtYd) (width 0.05))
    (fp_line (start 1.75 0.87) (end -1.75 0.87) (layer F.CrtYd) (width 0.05))
    (fp_text user %R (at 0 -1.5) (layer F.Fab)
      (effects (font (size 1 1) (thickness 0.15)))
    )
    (pad 1 smd rect (at -1 0 180) (size 1 1.25) (layers F.Cu F.Paste F.Mask)
      (net 2 5v))
    (pad 2 smd rect (at 1 0 180) (size 1 1.25) (layers F.Cu F.Paste F.Mask)
      (net 1 GND))
    (model ${PH_KICAD_LIB}/packages3d/CAP_0805.wrl
      (at (xyz 0 0 0))
      (scale (xyz 400 400 400))
      (rotate (xyz 0 0 0))
    )
  )

  (module phuong_kicad_lib:C_0805 (layer F.Cu) (tedit 5DC4ECF2) (tstamp 5F10709A)
    (at 118.872 86.36 180)
    (descr "Capacitor SMD 0805, reflow soldering, AVX (see smccp.pdf)")
    (tags "capacitor 0805")
    (path /5F104F92/5F119379)
    (attr smd)
    (fp_text reference C2 (at -2.794 0) (layer F.SilkS)
      (effects (font (size 1 1) (thickness 0.15)))
    )
    (fp_text value 104 (at 0 1.75) (layer F.Fab)
      (effects (font (size 1 1) (thickness 0.15)))
    )
    (fp_line (start 1.75 0.87) (end -1.75 0.87) (layer F.CrtYd) (width 0.05))
    (fp_line (start 1.75 0.87) (end 1.75 -0.88) (layer F.CrtYd) (width 0.05))
    (fp_line (start -1.75 -0.88) (end -1.75 0.87) (layer F.CrtYd) (width 0.05))
    (fp_line (start -1.75 -0.88) (end 1.75 -0.88) (layer F.CrtYd) (width 0.05))
    (fp_line (start -0.5 0.85) (end 0.5 0.85) (layer F.SilkS) (width 0.12))
    (fp_line (start 0.5 -0.85) (end -0.5 -0.85) (layer F.SilkS) (width 0.12))
    (fp_line (start -1 -0.62) (end 1 -0.62) (layer F.Fab) (width 0.1))
    (fp_line (start 1 -0.62) (end 1 0.62) (layer F.Fab) (width 0.1))
    (fp_line (start 1 0.62) (end -1 0.62) (layer F.Fab) (width 0.1))
    (fp_line (start -1 0.62) (end -1 -0.62) (layer F.Fab) (width 0.1))
    (fp_text user %R (at 0 -1.5) (layer F.Fab)
      (effects (font (size 1 1) (thickness 0.15)))
    )
    (pad 2 smd rect (at 1 0 180) (size 1 1.25) (layers F.Cu F.Paste F.Mask)
      (net 1 GND))
    (pad 1 smd rect (at -1 0 180) (size 1 1.25) (layers F.Cu F.Paste F.Mask)
      (net 12 3V3))
    (model ${PH_KICAD_LIB}/packages3d/CAP_0805.wrl
      (at (xyz 0 0 0))
      (scale (xyz 400 400 400))
      (rotate (xyz 0 0 0))
    )
  )

  (module phuong_kicad_lib:C_0805 (layer F.Cu) (tedit 5DC4ECF2) (tstamp 5F525BCB)
    (at 133.096 107.696)
    (descr "Capacitor SMD 0805, reflow soldering, AVX (see smccp.pdf)")
    (tags "capacitor 0805")
    (path /5F104F92/5F11419A)
    (attr smd)
    (fp_text reference C3 (at 2.794 0) (layer F.SilkS)
      (effects (font (size 1 1) (thickness 0.15)))
    )
    (fp_text value 104 (at 0 1.75) (layer F.Fab)
      (effects (font (size 1 1) (thickness 0.15)))
    )
    (fp_line (start -1 0.62) (end -1 -0.62) (layer F.Fab) (width 0.1))
    (fp_line (start 1 0.62) (end -1 0.62) (layer F.Fab) (width 0.1))
    (fp_line (start 1 -0.62) (end 1 0.62) (layer F.Fab) (width 0.1))
    (fp_line (start -1 -0.62) (end 1 -0.62) (layer F.Fab) (width 0.1))
    (fp_line (start 0.5 -0.85) (end -0.5 -0.85) (layer F.SilkS) (width 0.12))
    (fp_line (start -0.5 0.85) (end 0.5 0.85) (layer F.SilkS) (width 0.12))
    (fp_line (start -1.75 -0.88) (end 1.75 -0.88) (layer F.CrtYd) (width 0.05))
    (fp_line (start -1.75 -0.88) (end -1.75 0.87) (layer F.CrtYd) (width 0.05))
    (fp_line (start 1.75 0.87) (end 1.75 -0.88) (layer F.CrtYd) (width 0.05))
    (fp_line (start 1.75 0.87) (end -1.75 0.87) (layer F.CrtYd) (width 0.05))
    (fp_text user %R (at 0 -1.5) (layer F.Fab)
      (effects (font (size 1 1) (thickness 0.15)))
    )
    (pad 1 smd rect (at -1 0) (size 1 1.25) (layers F.Cu F.Paste F.Mask)
      (net 4 "Net-(C3-Pad1)"))
    (pad 2 smd rect (at 1 0) (size 1 1.25) (layers F.Cu F.Paste F.Mask)
      (net 3 "Net-(C3-Pad2)"))
    (model ${PH_KICAD_LIB}/packages3d/CAP_0805.wrl
      (at (xyz 0 0 0))
      (scale (xyz 400 400 400))
      (rotate (xyz 0 0 0))
    )
  )

  (module phuong_kicad_lib:C_0805 (layer F.Cu) (tedit 5DC4ECF2) (tstamp 5F1070BC)
    (at 119.142 116.611 180)
    (descr "Capacitor SMD 0805, reflow soldering, AVX (see smccp.pdf)")
    (tags "capacitor 0805")
    (path /5F104F92/5F114DFD)
    (attr smd)
    (fp_text reference C4 (at 0 -1.5) (layer F.SilkS)
      (effects (font (size 1 1) (thickness 0.15)))
    )
    (fp_text value 150p (at 0 1.75) (layer F.Fab)
      (effects (font (size 1 1) (thickness 0.15)))
    )
    (fp_line (start 1.75 0.87) (end -1.75 0.87) (layer F.CrtYd) (width 0.05))
    (fp_line (start 1.75 0.87) (end 1.75 -0.88) (layer F.CrtYd) (width 0.05))
    (fp_line (start -1.75 -0.88) (end -1.75 0.87) (layer F.CrtYd) (width 0.05))
    (fp_line (start -1.75 -0.88) (end 1.75 -0.88) (layer F.CrtYd) (width 0.05))
    (fp_line (start -0.5 0.85) (end 0.5 0.85) (layer F.SilkS) (width 0.12))
    (fp_line (start 0.5 -0.85) (end -0.5 -0.85) (layer F.SilkS) (width 0.12))
    (fp_line (start -1 -0.62) (end 1 -0.62) (layer F.Fab) (width 0.1))
    (fp_line (start 1 -0.62) (end 1 0.62) (layer F.Fab) (width 0.1))
    (fp_line (start 1 0.62) (end -1 0.62) (layer F.Fab) (width 0.1))
    (fp_line (start -1 0.62) (end -1 -0.62) (layer F.Fab) (width 0.1))
    (fp_text user %R (at 0 -1.5) (layer F.Fab)
      (effects (font (size 1 1) (thickness 0.15)))
    )
    (pad 2 smd rect (at 1 0 180) (size 1 1.25) (layers F.Cu F.Paste F.Mask)
      (net 6 "Net-(C4-Pad2)"))
    (pad 1 smd rect (at -1 0 180) (size 1 1.25) (layers F.Cu F.Paste F.Mask)
      (net 5 "Net-(C4-Pad1)"))
    (model ${PH_KICAD_LIB}/packages3d/CAP_0805.wrl
      (at (xyz 0 0 0))
      (scale (xyz 400 400 400))
      (rotate (xyz 0 0 0))
    )
  )

  (module phuong_kicad_lib:C_0805 (layer F.Cu) (tedit 5DC4ECF2) (tstamp 5F1070CD)
    (at 142.494 70.358 270)
    (descr "Capacitor SMD 0805, reflow soldering, AVX (see smccp.pdf)")
    (tags "capacitor 0805")
    (path /5F10A165/5F10F1BD)
    (attr smd)
    (fp_text reference C5 (at 2.54 0 180) (layer F.SilkS)
      (effects (font (size 1 1) (thickness 0.15)))
    )
    (fp_text value 15p (at 0 1.75 90) (layer F.Fab)
      (effects (font (size 1 1) (thickness 0.15)))
    )
    (fp_line (start 1.75 0.87) (end -1.75 0.87) (layer F.CrtYd) (width 0.05))
    (fp_line (start 1.75 0.87) (end 1.75 -0.88) (layer F.CrtYd) (width 0.05))
    (fp_line (start -1.75 -0.88) (end -1.75 0.87) (layer F.CrtYd) (width 0.05))
    (fp_line (start -1.75 -0.88) (end 1.75 -0.88) (layer F.CrtYd) (width 0.05))
    (fp_line (start -0.5 0.85) (end 0.5 0.85) (layer F.SilkS) (width 0.12))
    (fp_line (start 0.5 -0.85) (end -0.5 -0.85) (layer F.SilkS) (width 0.12))
    (fp_line (start -1 -0.62) (end 1 -0.62) (layer F.Fab) (width 0.1))
    (fp_line (start 1 -0.62) (end 1 0.62) (layer F.Fab) (width 0.1))
    (fp_line (start 1 0.62) (end -1 0.62) (layer F.Fab) (width 0.1))
    (fp_line (start -1 0.62) (end -1 -0.62) (layer F.Fab) (width 0.1))
    (fp_text user %R (at 0 -1.5 90) (layer F.Fab)
      (effects (font (size 1 1) (thickness 0.15)))
    )
    (pad 2 smd rect (at 1 0 270) (size 1 1.25) (layers F.Cu F.Paste F.Mask)
      (net 1 GND))
    (pad 1 smd rect (at -1 0 270) (size 1 1.25) (layers F.Cu F.Paste F.Mask)
      (net 13 /Stm32f103c8tx/osc1))
    (model ${PH_KICAD_LIB}/packages3d/CAP_0805.wrl
      (at (xyz 0 0 0))
      (scale (xyz 400 400 400))
      (rotate (xyz 0 0 0))
    )
  )

  (module phuong_kicad_lib:C_0805 (layer F.Cu) (tedit 5DC4ECF2) (tstamp 5F1068AA)
    (at 142.494 64.008 90)
    (descr "Capacitor SMD 0805, reflow soldering, AVX (see smccp.pdf)")
    (tags "capacitor 0805")
    (path /5F10A165/5F10DB8E)
    (attr smd)
    (fp_text reference C6 (at 2.286 0 180) (layer F.SilkS)
      (effects (font (size 1 1) (thickness 0.15)))
    )
    (fp_text value 15p (at 0 1.75 90) (layer F.Fab)
      (effects (font (size 1 1) (thickness 0.15)))
    )
    (fp_line (start -1 0.62) (end -1 -0.62) (layer F.Fab) (width 0.1))
    (fp_line (start 1 0.62) (end -1 0.62) (layer F.Fab) (width 0.1))
    (fp_line (start 1 -0.62) (end 1 0.62) (layer F.Fab) (width 0.1))
    (fp_line (start -1 -0.62) (end 1 -0.62) (layer F.Fab) (width 0.1))
    (fp_line (start 0.5 -0.85) (end -0.5 -0.85) (layer F.SilkS) (width 0.12))
    (fp_line (start -0.5 0.85) (end 0.5 0.85) (layer F.SilkS) (width 0.12))
    (fp_line (start -1.75 -0.88) (end 1.75 -0.88) (layer F.CrtYd) (width 0.05))
    (fp_line (start -1.75 -0.88) (end -1.75 0.87) (layer F.CrtYd) (width 0.05))
    (fp_line (start 1.75 0.87) (end 1.75 -0.88) (layer F.CrtYd) (width 0.05))
    (fp_line (start 1.75 0.87) (end -1.75 0.87) (layer F.CrtYd) (width 0.05))
    (fp_text user %R (at 0 -1.5 90) (layer F.Fab)
      (effects (font (size 1 1) (thickness 0.15)))
    )
    (pad 1 smd rect (at -1 0 90) (size 1 1.25) (layers F.Cu F.Paste F.Mask)
      (net 14 /Stm32f103c8tx/osc2))
    (pad 2 smd rect (at 1 0 90) (size 1 1.25) (layers F.Cu F.Paste F.Mask)
      (net 1 GND))
    (model ${PH_KICAD_LIB}/packages3d/CAP_0805.wrl
      (at (xyz 0 0 0))
      (scale (xyz 400 400 400))
      (rotate (xyz 0 0 0))
    )
  )

  (module phuong_kicad_lib:C_0805 (layer F.Cu) (tedit 5DC4ECF2) (tstamp 5F1070EF)
    (at 146.558 57.642 90)
    (descr "Capacitor SMD 0805, reflow soldering, AVX (see smccp.pdf)")
    (tags "capacitor 0805")
    (path /5F10A165/5F110B45)
    (attr smd)
    (fp_text reference C7 (at -2.302 0.254 180) (layer F.SilkS)
      (effects (font (size 1 1) (thickness 0.15)))
    )
    (fp_text value 104 (at 0 1.75 90) (layer F.Fab)
      (effects (font (size 1 1) (thickness 0.15)))
    )
    (fp_line (start -1 0.62) (end -1 -0.62) (layer F.Fab) (width 0.1))
    (fp_line (start 1 0.62) (end -1 0.62) (layer F.Fab) (width 0.1))
    (fp_line (start 1 -0.62) (end 1 0.62) (layer F.Fab) (width 0.1))
    (fp_line (start -1 -0.62) (end 1 -0.62) (layer F.Fab) (width 0.1))
    (fp_line (start 0.5 -0.85) (end -0.5 -0.85) (layer F.SilkS) (width 0.12))
    (fp_line (start -0.5 0.85) (end 0.5 0.85) (layer F.SilkS) (width 0.12))
    (fp_line (start -1.75 -0.88) (end 1.75 -0.88) (layer F.CrtYd) (width 0.05))
    (fp_line (start -1.75 -0.88) (end -1.75 0.87) (layer F.CrtYd) (width 0.05))
    (fp_line (start 1.75 0.87) (end 1.75 -0.88) (layer F.CrtYd) (width 0.05))
    (fp_line (start 1.75 0.87) (end -1.75 0.87) (layer F.CrtYd) (width 0.05))
    (fp_text user %R (at 0 -1.5 90) (layer F.Fab)
      (effects (font (size 1 1) (thickness 0.15)))
    )
    (pad 1 smd rect (at -1 0 90) (size 1 1.25) (layers F.Cu F.Paste F.Mask)
      (net 15 /Stm32f103c8tx/res))
    (pad 2 smd rect (at 1 0 90) (size 1 1.25) (layers F.Cu F.Paste F.Mask)
      (net 1 GND))
    (model ${PH_KICAD_LIB}/packages3d/CAP_0805.wrl
      (at (xyz 0 0 0))
      (scale (xyz 400 400 400))
      (rotate (xyz 0 0 0))
    )
  )

  (module phuong_kicad_lib:C_0805 (layer F.Cu) (tedit 5DC4ECF2) (tstamp 5F107100)
    (at 136.144 74.676 270)
    (descr "Capacitor SMD 0805, reflow soldering, AVX (see smccp.pdf)")
    (tags "capacitor 0805")
    (path /5F10A165/5F1139E6)
    (attr smd)
    (fp_text reference C8 (at -2.286 0 180) (layer F.SilkS)
      (effects (font (size 1 1) (thickness 0.15)))
    )
    (fp_text value 104 (at 0 1.75 90) (layer F.Fab)
      (effects (font (size 1 1) (thickness 0.15)))
    )
    (fp_line (start 1.75 0.87) (end -1.75 0.87) (layer F.CrtYd) (width 0.05))
    (fp_line (start 1.75 0.87) (end 1.75 -0.88) (layer F.CrtYd) (width 0.05))
    (fp_line (start -1.75 -0.88) (end -1.75 0.87) (layer F.CrtYd) (width 0.05))
    (fp_line (start -1.75 -0.88) (end 1.75 -0.88) (layer F.CrtYd) (width 0.05))
    (fp_line (start -0.5 0.85) (end 0.5 0.85) (layer F.SilkS) (width 0.12))
    (fp_line (start 0.5 -0.85) (end -0.5 -0.85) (layer F.SilkS) (width 0.12))
    (fp_line (start -1 -0.62) (end 1 -0.62) (layer F.Fab) (width 0.1))
    (fp_line (start 1 -0.62) (end 1 0.62) (layer F.Fab) (width 0.1))
    (fp_line (start 1 0.62) (end -1 0.62) (layer F.Fab) (width 0.1))
    (fp_line (start -1 0.62) (end -1 -0.62) (layer F.Fab) (width 0.1))
    (fp_text user %R (at 0 -1.5 90) (layer F.Fab)
      (effects (font (size 1 1) (thickness 0.15)))
    )
    (pad 2 smd rect (at 1 0 270) (size 1 1.25) (layers F.Cu F.Paste F.Mask)
      (net 1 GND))
    (pad 1 smd rect (at -1 0 270) (size 1 1.25) (layers F.Cu F.Paste F.Mask)
      (net 12 3V3))
    (model ${PH_KICAD_LIB}/packages3d/CAP_0805.wrl
      (at (xyz 0 0 0))
      (scale (xyz 400 400 400))
      (rotate (xyz 0 0 0))
    )
  )

  (module phuong_kicad_lib:C_0805 (layer F.Cu) (tedit 5DC4ECF2) (tstamp 5F107111)
    (at 140.208 63.992 90)
    (descr "Capacitor SMD 0805, reflow soldering, AVX (see smccp.pdf)")
    (tags "capacitor 0805")
    (path /5F10A165/5F115680)
    (attr smd)
    (fp_text reference C9 (at 2.27 0 180) (layer F.SilkS)
      (effects (font (size 1 1) (thickness 0.15)))
    )
    (fp_text value 104 (at 0 1.75 90) (layer F.Fab)
      (effects (font (size 1 1) (thickness 0.15)))
    )
    (fp_line (start -1 0.62) (end -1 -0.62) (layer F.Fab) (width 0.1))
    (fp_line (start 1 0.62) (end -1 0.62) (layer F.Fab) (width 0.1))
    (fp_line (start 1 -0.62) (end 1 0.62) (layer F.Fab) (width 0.1))
    (fp_line (start -1 -0.62) (end 1 -0.62) (layer F.Fab) (width 0.1))
    (fp_line (start 0.5 -0.85) (end -0.5 -0.85) (layer F.SilkS) (width 0.12))
    (fp_line (start -0.5 0.85) (end 0.5 0.85) (layer F.SilkS) (width 0.12))
    (fp_line (start -1.75 -0.88) (end 1.75 -0.88) (layer F.CrtYd) (width 0.05))
    (fp_line (start -1.75 -0.88) (end -1.75 0.87) (layer F.CrtYd) (width 0.05))
    (fp_line (start 1.75 0.87) (end 1.75 -0.88) (layer F.CrtYd) (width 0.05))
    (fp_line (start 1.75 0.87) (end -1.75 0.87) (layer F.CrtYd) (width 0.05))
    (fp_text user %R (at 0 -1.5 90) (layer F.Fab)
      (effects (font (size 1 1) (thickness 0.15)))
    )
    (pad 1 smd rect (at -1 0 90) (size 1 1.25) (layers F.Cu F.Paste F.Mask)
      (net 12 3V3))
    (pad 2 smd rect (at 1 0 90) (size 1 1.25) (layers F.Cu F.Paste F.Mask)
      (net 1 GND))
    (model ${PH_KICAD_LIB}/packages3d/CAP_0805.wrl
      (at (xyz 0 0 0))
      (scale (xyz 400 400 400))
      (rotate (xyz 0 0 0))
    )
  )

  (module phuong_kicad_lib:C_0805 (layer F.Cu) (tedit 5DC4ECF2) (tstamp 5F107122)
    (at 125.476 63.5 270)
    (descr "Capacitor SMD 0805, reflow soldering, AVX (see smccp.pdf)")
    (tags "capacitor 0805")
    (path /5F10A165/5F116CCC)
    (attr smd)
    (fp_text reference C10 (at -2.286 0 180) (layer F.SilkS)
      (effects (font (size 1 1) (thickness 0.15)))
    )
    (fp_text value 104 (at 0 1.75 90) (layer F.Fab)
      (effects (font (size 1 1) (thickness 0.15)))
    )
    (fp_line (start 1.75 0.87) (end -1.75 0.87) (layer F.CrtYd) (width 0.05))
    (fp_line (start 1.75 0.87) (end 1.75 -0.88) (layer F.CrtYd) (width 0.05))
    (fp_line (start -1.75 -0.88) (end -1.75 0.87) (layer F.CrtYd) (width 0.05))
    (fp_line (start -1.75 -0.88) (end 1.75 -0.88) (layer F.CrtYd) (width 0.05))
    (fp_line (start -0.5 0.85) (end 0.5 0.85) (layer F.SilkS) (width 0.12))
    (fp_line (start 0.5 -0.85) (end -0.5 -0.85) (layer F.SilkS) (width 0.12))
    (fp_line (start -1 -0.62) (end 1 -0.62) (layer F.Fab) (width 0.1))
    (fp_line (start 1 -0.62) (end 1 0.62) (layer F.Fab) (width 0.1))
    (fp_line (start 1 0.62) (end -1 0.62) (layer F.Fab) (width 0.1))
    (fp_line (start -1 0.62) (end -1 -0.62) (layer F.Fab) (width 0.1))
    (fp_text user %R (at 0 -1.5 90) (layer F.Fab)
      (effects (font (size 1 1) (thickness 0.15)))
    )
    (pad 2 smd rect (at 1 0 270) (size 1 1.25) (layers F.Cu F.Paste F.Mask)
      (net 1 GND))
    (pad 1 smd rect (at -1 0 270) (size 1 1.25) (layers F.Cu F.Paste F.Mask)
      (net 12 3V3))
    (model ${PH_KICAD_LIB}/packages3d/CAP_0805.wrl
      (at (xyz 0 0 0))
      (scale (xyz 400 400 400))
      (rotate (xyz 0 0 0))
    )
  )

  (module phuong_kicad_lib:CP_Tatanlum_1206_3216 (layer F.Cu) (tedit 5F1049FD) (tstamp 5F107135)
    (at 133.6905 110.236)
    (descr "Tantalum Capacitor SMD Kemet-I (3216-10 Metric), IPC_7351 nominal, (Body size from: http://www.kemet.com/Lists/ProductCatalog/Attachments/253/KEM_TC101_STD.pdf), generated with kicad-footprint-generator")
    (tags "capacitor tantalum")
    (path /5F104F92/5F105C43)
    (attr smd)
    (fp_text reference CP1 (at 3.9775 0) (layer F.SilkS)
      (effects (font (size 1 1) (thickness 0.15)))
    )
    (fp_text value 10uF (at 0 1.75) (layer F.Fab)
      (effects (font (size 1 1) (thickness 0.15)))
    )
    (fp_line (start 2.48 1.05) (end -2.48 1.05) (layer F.CrtYd) (width 0.05))
    (fp_line (start 2.48 -1.05) (end 2.48 1.05) (layer F.CrtYd) (width 0.05))
    (fp_line (start -2.48 -1.05) (end 2.48 -1.05) (layer F.CrtYd) (width 0.05))
    (fp_line (start -2.48 1.05) (end -2.48 -1.05) (layer F.CrtYd) (width 0.05))
    (fp_line (start -2.485 0.935) (end 1.6 0.935) (layer F.SilkS) (width 0.12))
    (fp_line (start -2.485 -0.935) (end -2.485 0.935) (layer F.SilkS) (width 0.12))
    (fp_line (start 1.6 -0.935) (end -2.485 -0.935) (layer F.SilkS) (width 0.12))
    (fp_line (start 1.6 0.8) (end 1.6 -0.8) (layer F.Fab) (width 0.1))
    (fp_line (start -1.6 0.8) (end 1.6 0.8) (layer F.Fab) (width 0.1))
    (fp_line (start -1.6 -0.4) (end -1.6 0.8) (layer F.Fab) (width 0.1))
    (fp_line (start -1.2 -0.8) (end -1.6 -0.4) (layer F.Fab) (width 0.1))
    (fp_line (start 1.6 -0.8) (end -1.2 -0.8) (layer F.Fab) (width 0.1))
    (fp_text user %R (at 0 0) (layer F.Fab)
      (effects (font (size 0.8 0.8) (thickness 0.12)))
    )
    (pad 1 smd roundrect (at -1.4375 0) (size 1.575 1.35) (layers F.Cu F.Paste F.Mask) (roundrect_rratio 0.185185)
      (net 7 12v))
    (pad 2 smd roundrect (at 1.4375 0) (size 1.575 1.35) (layers F.Cu F.Paste F.Mask) (roundrect_rratio 0.185185)
      (net 1 GND))
    (model ${PHUONG_KICAD_LIB}/packages3d/CAP_TANT_C3216-18_A.wrl
      (at (xyz 0 0 0))
      (scale (xyz 400 400 400))
      (rotate (xyz -90 0 0))
    )
  )

  (module phuong_kicad_lib:CP_Tatanlum_1206_3216 (layer F.Cu) (tedit 5F1049FD) (tstamp 5F107148)
    (at 119.126 83.566 180)
    (descr "Tantalum Capacitor SMD Kemet-I (3216-10 Metric), IPC_7351 nominal, (Body size from: http://www.kemet.com/Lists/ProductCatalog/Attachments/253/KEM_TC101_STD.pdf), generated with kicad-footprint-generator")
    (tags "capacitor tantalum")
    (path /5F104F92/5F11C279)
    (attr smd)
    (fp_text reference CP2 (at 0 1.778) (layer F.SilkS)
      (effects (font (size 1 1) (thickness 0.15)))
    )
    (fp_text value 10uF (at 0 1.75) (layer F.Fab)
      (effects (font (size 1 1) (thickness 0.15)))
    )
    (fp_line (start 1.6 -0.8) (end -1.2 -0.8) (layer F.Fab) (width 0.1))
    (fp_line (start -1.2 -0.8) (end -1.6 -0.4) (layer F.Fab) (width 0.1))
    (fp_line (start -1.6 -0.4) (end -1.6 0.8) (layer F.Fab) (width 0.1))
    (fp_line (start -1.6 0.8) (end 1.6 0.8) (layer F.Fab) (width 0.1))
    (fp_line (start 1.6 0.8) (end 1.6 -0.8) (layer F.Fab) (width 0.1))
    (fp_line (start 1.6 -0.935) (end -2.485 -0.935) (layer F.SilkS) (width 0.12))
    (fp_line (start -2.485 -0.935) (end -2.485 0.935) (layer F.SilkS) (width 0.12))
    (fp_line (start -2.485 0.935) (end 1.6 0.935) (layer F.SilkS) (width 0.12))
    (fp_line (start -2.48 1.05) (end -2.48 -1.05) (layer F.CrtYd) (width 0.05))
    (fp_line (start -2.48 -1.05) (end 2.48 -1.05) (layer F.CrtYd) (width 0.05))
    (fp_line (start 2.48 -1.05) (end 2.48 1.05) (layer F.CrtYd) (width 0.05))
    (fp_line (start 2.48 1.05) (end -2.48 1.05) (layer F.CrtYd) (width 0.05))
    (fp_text user %R (at 0 0) (layer F.Fab)
      (effects (font (size 0.8 0.8) (thickness 0.12)))
    )
    (pad 2 smd roundrect (at 1.4375 0 180) (size 1.575 1.35) (layers F.Cu F.Paste F.Mask) (roundrect_rratio 0.185185)
      (net 1 GND))
    (pad 1 smd roundrect (at -1.4375 0 180) (size 1.575 1.35) (layers F.Cu F.Paste F.Mask) (roundrect_rratio 0.185185)
      (net 12 3V3))
    (model ${PHUONG_KICAD_LIB}/packages3d/CAP_TANT_C3216-18_A.wrl
      (at (xyz 0 0 0))
      (scale (xyz 400 400 400))
      (rotate (xyz -90 0 0))
    )
  )

  (module phuong_kicad_lib:CP_Tatanlum_1206_3216 (layer F.Cu) (tedit 5F1049FD) (tstamp 5F10715B)
    (at 119.888 98.298)
    (descr "Tantalum Capacitor SMD Kemet-I (3216-10 Metric), IPC_7351 nominal, (Body size from: http://www.kemet.com/Lists/ProductCatalog/Attachments/253/KEM_TC101_STD.pdf), generated with kicad-footprint-generator")
    (tags "capacitor tantalum")
    (path /5F104F92/5F121C23)
    (attr smd)
    (fp_text reference CP3 (at 0 -1.75) (layer F.SilkS)
      (effects (font (size 1 1) (thickness 0.15)))
    )
    (fp_text value 20uF (at 0 1.75) (layer F.Fab)
      (effects (font (size 1 1) (thickness 0.15)))
    )
    (fp_line (start 2.48 1.05) (end -2.48 1.05) (layer F.CrtYd) (width 0.05))
    (fp_line (start 2.48 -1.05) (end 2.48 1.05) (layer F.CrtYd) (width 0.05))
    (fp_line (start -2.48 -1.05) (end 2.48 -1.05) (layer F.CrtYd) (width 0.05))
    (fp_line (start -2.48 1.05) (end -2.48 -1.05) (layer F.CrtYd) (width 0.05))
    (fp_line (start -2.485 0.935) (end 1.6 0.935) (layer F.SilkS) (width 0.12))
    (fp_line (start -2.485 -0.935) (end -2.485 0.935) (layer F.SilkS) (width 0.12))
    (fp_line (start 1.6 -0.935) (end -2.485 -0.935) (layer F.SilkS) (width 0.12))
    (fp_line (start 1.6 0.8) (end 1.6 -0.8) (layer F.Fab) (width 0.1))
    (fp_line (start -1.6 0.8) (end 1.6 0.8) (layer F.Fab) (width 0.1))
    (fp_line (start -1.6 -0.4) (end -1.6 0.8) (layer F.Fab) (width 0.1))
    (fp_line (start -1.2 -0.8) (end -1.6 -0.4) (layer F.Fab) (width 0.1))
    (fp_line (start 1.6 -0.8) (end -1.2 -0.8) (layer F.Fab) (width 0.1))
    (fp_text user %R (at 0 0) (layer F.Fab)
      (effects (font (size 0.8 0.8) (thickness 0.12)))
    )
    (pad 1 smd roundrect (at -1.4375 0) (size 1.575 1.35) (layers F.Cu F.Paste F.Mask) (roundrect_rratio 0.185185)
      (net 2 5v))
    (pad 2 smd roundrect (at 1.4375 0) (size 1.575 1.35) (layers F.Cu F.Paste F.Mask) (roundrect_rratio 0.185185)
      (net 1 GND))
    (model ${PHUONG_KICAD_LIB}/packages3d/CAP_TANT_C3216-18_A.wrl
      (at (xyz 0 0 0))
      (scale (xyz 400 400 400))
      (rotate (xyz -90 0 0))
    )
  )

  (module phuong_kicad_lib:D_SMA (layer F.Cu) (tedit 5DC4F3DD) (tstamp 5F107173)
    (at 126.492 103.886)
    (descr "Diode SMA (DO-214AC)")
    (tags "Diode SMA (DO-214AC)")
    (path /5F104F92/5F12C616)
    (attr smd)
    (fp_text reference D1 (at -4.318 -0.254) (layer F.SilkS)
      (effects (font (size 1 1) (thickness 0.15)))
    )
    (fp_text value SS3x_SMA (at 0 2.6) (layer F.Fab)
      (effects (font (size 1 1) (thickness 0.15)))
    )
    (fp_line (start -3.4 -1.65) (end -3.4 1.65) (layer F.SilkS) (width 0.12))
    (fp_line (start 2.3 1.5) (end -2.3 1.5) (layer F.Fab) (width 0.1))
    (fp_line (start -2.3 1.5) (end -2.3 -1.5) (layer F.Fab) (width 0.1))
    (fp_line (start 2.3 -1.5) (end 2.3 1.5) (layer F.Fab) (width 0.1))
    (fp_line (start 2.3 -1.5) (end -2.3 -1.5) (layer F.Fab) (width 0.1))
    (fp_line (start -3.5 -1.75) (end 3.5 -1.75) (layer F.CrtYd) (width 0.05))
    (fp_line (start 3.5 -1.75) (end 3.5 1.75) (layer F.CrtYd) (width 0.05))
    (fp_line (start 3.5 1.75) (end -3.5 1.75) (layer F.CrtYd) (width 0.05))
    (fp_line (start -3.5 1.75) (end -3.5 -1.75) (layer F.CrtYd) (width 0.05))
    (fp_line (start -0.64944 0.00102) (end -1.55114 0.00102) (layer F.Fab) (width 0.1))
    (fp_line (start 0.50118 0.00102) (end 1.4994 0.00102) (layer F.Fab) (width 0.1))
    (fp_line (start -0.64944 -0.79908) (end -0.64944 0.80112) (layer F.Fab) (width 0.1))
    (fp_line (start 0.50118 0.75032) (end 0.50118 -0.79908) (layer F.Fab) (width 0.1))
    (fp_line (start -0.64944 0.00102) (end 0.50118 0.75032) (layer F.Fab) (width 0.1))
    (fp_line (start -0.64944 0.00102) (end 0.50118 -0.79908) (layer F.Fab) (width 0.1))
    (fp_line (start -3.4 1.65) (end 2 1.65) (layer F.SilkS) (width 0.12))
    (fp_line (start -3.4 -1.65) (end 2 -1.65) (layer F.SilkS) (width 0.12))
    (fp_text user %R (at 0 -2.5) (layer F.Fab)
      (effects (font (size 1 1) (thickness 0.15)))
    )
    (pad 1 smd rect (at -2 0) (size 2.5 1.8) (layers F.Cu F.Paste F.Mask)
      (net 3 "Net-(C3-Pad2)"))
    (pad 2 smd rect (at 2 0) (size 2.5 1.8) (layers F.Cu F.Paste F.Mask)
      (net 1 GND))
    (model ${PH_KICAD_LIB}/packages3d/DIODE_SMA.wrl
      (offset (xyz 0 0 1))
      (scale (xyz 400 400 400))
      (rotate (xyz 0 0 -90))
    )
  )

  (module phuong_kicad_lib:Conn_Program (layer F.Cu) (tedit 5965BEE5) (tstamp 5F107184)
    (at 140.462 84.074 90)
    (descr "Through hole straight pin header, 1x04, 2.54mm pitch, single row")
    (tags "Through hole pin header THT 1x04 2.54mm single row")
    (path /5F10A165/5F10A2CA)
    (fp_text reference J1 (at 0 -2.33 90) (layer F.SilkS)
      (effects (font (size 0.7 0.7) (thickness 0.12)))
    )
    (fp_text value Conn_Progam_Stm (at 0 9.95 90) (layer F.Fab) hide
      (effects (font (size 0.7 0.7) (thickness 0.12)))
    )
    (fp_line (start -0.635 -1.27) (end 1.27 -1.27) (layer F.SilkS) (width 0.1))
    (fp_line (start 1.27 -1.27) (end 1.27 8.89) (layer F.SilkS) (width 0.1))
    (fp_line (start 1.27 8.89) (end -1.27 8.89) (layer F.SilkS) (width 0.1))
    (fp_line (start -1.27 8.89) (end -1.27 -0.635) (layer F.SilkS) (width 0.1))
    (fp_line (start -1.27 -0.635) (end -0.635 -1.27) (layer F.SilkS) (width 0.1))
    (fp_line (start -1.8 -1.8) (end -1.8 9.4) (layer F.CrtYd) (width 0.05))
    (fp_line (start -1.8 9.4) (end 1.8 9.4) (layer F.CrtYd) (width 0.05))
    (fp_line (start 1.8 9.4) (end 1.8 -1.8) (layer F.CrtYd) (width 0.05))
    (fp_line (start 1.8 -1.8) (end -1.8 -1.8) (layer F.CrtYd) (width 0.05))
    (pad 1 thru_hole rect (at 0 0 90) (size 1.7 1.7) (drill 1) (layers *.Cu *.Mask)
      (net 16 /Stm32f103c8tx/SWCLK))
    (pad 2 thru_hole oval (at 0 2.54 90) (size 1.7 1.7) (drill 1) (layers *.Cu *.Mask)
      (net 17 /Stm32f103c8tx/SWDIO))
    (pad 3 thru_hole oval (at 0 5.08 90) (size 1.7 1.7) (drill 1) (layers *.Cu *.Mask)
      (net 15 /Stm32f103c8tx/res))
    (pad 4 thru_hole oval (at 0 7.62 90) (size 1.7 1.7) (drill 1) (layers *.Cu *.Mask)
      (net 1 GND))
  )

  (module phuong_kicad_lib:L_5D28_HandSoldering (layer F.Cu) (tedit 5DC8C888) (tstamp 5F10719D)
    (at 118.364 105.192 90)
    (descr "Inductor, 5D28 SMD 5.8x5.2x3.2")
    (tags "Inductor, 5D28 SMD 5.8x5.2x3.2")
    (path /5F104F92/5F135008)
    (attr smd)
    (fp_text reference L1 (at 0.036 -4.064 180) (layer F.SilkS)
      (effects (font (size 1 1) (thickness 0.15)))
    )
    (fp_text value L_5D28 (at 0 3.95 90) (layer F.Fab)
      (effects (font (size 1 1) (thickness 0.15)))
    )
    (fp_line (start -2.45 0) (end -2.45 -1.65) (layer F.Fab) (width 0.1))
    (fp_line (start -2.45 -1.65) (end -1.65 -2.45) (layer F.Fab) (width 0.1))
    (fp_line (start -1.65 -2.45) (end 0 -2.45) (layer F.Fab) (width 0.1))
    (fp_line (start 2.45 0) (end 2.45 -1.65) (layer F.Fab) (width 0.1))
    (fp_line (start 2.45 -1.65) (end 1.65 -2.45) (layer F.Fab) (width 0.1))
    (fp_line (start 1.65 -2.45) (end 0 -2.45) (layer F.Fab) (width 0.1))
    (fp_line (start 2.45 0) (end 2.45 1.65) (layer F.Fab) (width 0.1))
    (fp_line (start 2.45 1.65) (end 1.65 2.45) (layer F.Fab) (width 0.1))
    (fp_line (start 1.65 2.45) (end 0 2.45) (layer F.Fab) (width 0.1))
    (fp_line (start -2.45 0) (end -2.45 1.65) (layer F.Fab) (width 0.1))
    (fp_line (start -2.45 1.65) (end -1.65 2.45) (layer F.Fab) (width 0.1))
    (fp_line (start -1.65 2.45) (end 0 2.45) (layer F.Fab) (width 0.1))
    (fp_line (start -3.45 -2.55) (end 3.45 -2.55) (layer F.SilkS) (width 0.12))
    (fp_line (start -3.45 2.55) (end 3.45 2.55) (layer F.SilkS) (width 0.12))
    (fp_line (start -3.75 -2.75) (end -3.75 2.75) (layer F.CrtYd) (width 0.05))
    (fp_line (start -3.75 2.75) (end 3.75 2.75) (layer F.CrtYd) (width 0.05))
    (fp_line (start 3.75 2.75) (end 3.75 -2.75) (layer F.CrtYd) (width 0.05))
    (fp_line (start 3.75 -2.75) (end -3.75 -2.75) (layer F.CrtYd) (width 0.05))
    (fp_text user %R (at 0 0 90) (layer F.Fab)
      (effects (font (size 1 1) (thickness 0.15)))
    )
    (pad 1 smd rect (at -2.25 0 90) (size 2.4 4.2) (layers F.Cu F.Paste F.Mask)
      (net 3 "Net-(C3-Pad2)"))
    (pad 2 smd rect (at 2.25 0 90) (size 2.4 4.2) (layers F.Cu F.Paste F.Mask)
      (net 2 5v))
    (model ${PH_KICAD_LIB}/packages3d/L_CDRH5D28R_H125.wrl
      (at (xyz 0 0 0))
      (scale (xyz 400 400 400))
      (rotate (xyz -90 0 90))
    )
  )

  (module ph_kicad_lib:L_0805_HandSoldering (layer F.Cu) (tedit 5DC4F12E) (tstamp 5F1071AE)
    (at 125.476 68.072 90)
    (descr "Resistor SMD 0805, hand soldering")
    (tags "resistor 0805")
    (path /5F10A165/5F0F40B4)
    (attr smd)
    (fp_text reference L2 (at -3.048 0 180) (layer F.SilkS)
      (effects (font (size 1 1) (thickness 0.15)))
    )
    (fp_text value 30ohm (at 0 2.1 90) (layer F.Fab)
      (effects (font (size 1 1) (thickness 0.15)))
    )
    (fp_line (start -0.6 -0.88) (end 0.6 -0.88) (layer F.SilkS) (width 0.12))
    (fp_line (start 0.6 0.88) (end -0.6 0.88) (layer F.SilkS) (width 0.12))
    (fp_line (start 2.4 -1) (end 2.4 1) (layer F.CrtYd) (width 0.05))
    (fp_line (start -2.4 -1) (end -2.4 1) (layer F.CrtYd) (width 0.05))
    (fp_line (start -2.4 1) (end 2.4 1) (layer F.CrtYd) (width 0.05))
    (fp_line (start -2.4 -1) (end 2.4 -1) (layer F.CrtYd) (width 0.05))
    (fp_line (start -1 -0.62) (end 1 -0.62) (layer F.Fab) (width 0.1))
    (fp_line (start 1 -0.62) (end 1 0.62) (layer F.Fab) (width 0.1))
    (fp_line (start 1 0.62) (end -1 0.62) (layer F.Fab) (width 0.1))
    (fp_line (start -1 0.62) (end -1 -0.62) (layer F.Fab) (width 0.1))
    (fp_text user %R (at 0 0 90) (layer F.Fab)
      (effects (font (size 0.5 0.5) (thickness 0.075)))
    )
    (pad 2 smd rect (at 1.35 0 90) (size 1.5 1.3) (layers F.Cu F.Paste F.Mask)
      (net 1 GND))
    (pad 1 smd rect (at -1.35 0 90) (size 1.5 1.3) (layers F.Cu F.Paste F.Mask)
      (net 12 3V3))
    (model ${PH_KICAD_LIB}/packages3d/L_0805.wrl
      (offset (xyz 0 0 1))
      (scale (xyz 400 400 400))
      (rotate (xyz 90 0 0))
    )
  )

  (module phuong_kicad_lib:LED_0805 (layer F.Cu) (tedit 5DC4F299) (tstamp 5F1071C4)
    (at 113.792 86.36 180)
    (descr "LED 0805 smd package")
    (tags "LED led 0805 SMD smd SMT smt smdled SMDLED smtled SMTLED")
